
2330
2308
3711
2383
3017
2360
2345
3037
5274
3665
8299
1303
3653
6223
2303
7769
2368
2327
2313
2454
2449
2059
3044
3443
3036
2301
4958
6515
6274
6669
2412
1590
3491
6139
6187
6510
6239
3260
5347
6442
1519
3189
5289
8996
6531
3231
4904
2317
3324
5536
1560
4749
7750
8358
8210
6257
1785
2467
3702
3533
6805
8150
6944
4763
6213
2451
8112
6290
6584
6691
3715
5439
2421
2481
3030
4979
6683
8086
4772
2347
3374
6147
3167
2455
5904
8271
5434
8039
7717
6640
4967
2492
6831
2316
4768
3563
3026
3010
6138
3583
1301
2615
2382
2207
2395
2912
2357
8046
3034
6488
2379
8069
9945
8454
1476
6409
2377
3529
9921
2356
5483
2353
6781
2542
2337
2376
2637
3661
2352
2385
3023
6121
1907
3293
2015
6176
2006
2458
1477
1773
2441
1904
8415
3006
1304
3706
4961
8016
6278
3596
6670
6491
3042
6412
3005
4736
9940
1513
8341
6196
1232
8070
8422
1215
6214
1308
6469
3264
1707
1101
4114
4576
3029
3033
2402
4551
2480
2731
4104
8155
3705
6206
9938
6449
3217
6788
7744
4441
1307
7815
6279
8114
8936
2753
6782
1623
2436
6667
3028
3416
8261
6231
1720
5609
8462
2528
1612
1103
4771
2612
6525
3551
6173
5292
6190
2630
5386
4129
3135
6261
2013
6509
7763
4931
6763
2478
6163
6104
6143
2762
2375
6862
6727
4953
3709
4571
6215
8091
6811
5236
5278
7703
1618
5515
6741
8042
6829
4916
2414
3147
5457
4746
6568
6117
3004
4760
4166
8103
5521
7736
2641
6435
8147
6994
1760
6861
4303
2453
5474
7810
8383
5203
4903
4933
6913
2427
3577
1464
6417
8074
6486
4417
3303
3290
3046
6603
3484
2613
6931
2305
2364
8403
7811
3628
8942
3526
5287
3130
3022
6443
1537
3611
6245
2495
6703
6438
6613
4126
4557
3289
2228
4119
2020
6664
5519
5312
6523
1580
5403
3088
3479
9942
3675
2640
3163
3266
1437
2420
3402
6790
5288
1524
3622
1786
2423
2916
2546
3038
6715
4572
1264
1783
2729
8049
1535
3209
2754
8446
8279
9906
6538
6208
2543
6752
3483
4163
8390
3558
6275
1436
2066
8930
6569
8109
8433
1233
9943
5410
5511
6203
1584
4138
8917
6263
8083
1784
6577
3178
5309
6183
2752
3138
1268
4747
6581
6690
3512
8183
5493
5209
4527
8048
6221
5902
5321
3594
8905
1525
8463
6593
6728
3226
9917
3045
1216
2610
5530
1402
3680
3376
3019
1503
3450
8464
5269
1736
2618
3227
8028
1319
3617
6873
4532
3078
5903
3413
6826
4766
2393
9925
2362
3013
6526
9911
1609
6414
6561
1231
2439
9907
2504
2363
6937
6806
2606
2206
2645
8926
9930
2247
6803
2634
4770
6505
2603
2344
1326
6770
4938
5871
2609
1605
2324
2105
6789
2049
9910
2539
6472
1795
6548
9941
6191
5469
6592
4966
4919
7751
3035
2329
9958
1808
2607
7795
6739
6830
3515
5388
6177
2472
1608
3265
8081
2520
6197
6146
5009
3014
6182
6903
2392
3592
9802
3587
6753
8478
6291
5425
4536
2233
8908
2031
6679
2617
8255
6189
5222
3218
5508
5306
6655
1522
6914
6235
7765
3152
6533
6957
4137
4162
4107
8163
6186
3455
3679
6894
6732
3056
3032
8045
6996
6923
6585
3093
6863
2497
6953
1108
3213
3169
8924
6762
7707
8931
2755
4549
4907
8416
7556
5523
6870
8098
2748
3257
6922
3546
6498
6629
8367
6035
6122
5299
6881
7712
6612
1777
6799
7747
8476
6909
6651
6171
6855
4588
7705
6906
4911
6597
